110001010100000000000001000000000000001010001010000100100000010000010000000010000000000000000001000
001000100000000100100000110000000000001100000000000110010010011100010100100001000110010010000000000
000010000000001000000000100000000000100000000000000000001000010000011001000001000011000010000000000
000010000000000010000110001000001000000100000000001000000000001000000000000000001010100001000100000
100000100001000000000000010000000010000000000000000000000010000000000000000000001111000100000110000
101100000010000000000100000000010000000010000000000001010000000000000000000001001011001000000000100
000000010001000001000110000000000000000000000000000100110000010000001000000000000000000000101000000
000101100100000001000000000000000000000001000000010000101100100000000000001001110000111000001000000
000000000010000000000000110000000001000000000100000100100001000000110000000000000000000001000000000
000000000000000011000000000000010000001000100000001010000001010000000000000000001000000010000000100
000001000000000001000100000000000000000000000100000010000100000000000000000000100000000000100000000
111000000010000000001100000000000100000001000000000000001000001000100000000000000011000000000000000
110000000000010000000000000000000000000001000000001000000000000000100000000000011000000001000010100
000000000010010000000000011000000000001100000000000000000000010000000000000000000000010000000000000
001000000000010100000000010000001000011000001000010010000000011000001000000000000000000000001000000
000010000100000000000000001000010010000000000001001000001000000000010000010000000000000000010000011
000000000000011001000010000000010100000000000011001000110000100000000001010010010000011000000000010
000000101000000100000000000000000000100000001000001000000001010010000010010100001010100100001000000
000000000010000010000010010000000001000000000000000000000100000000100001000000000010000000100100000
010000100100000001000000000010101000000000000000000000001001100100100000000100010010000000100000100
010001010000001100000001000000000010100000000100000000000000000101000000000000000000000000000000000
000010000000001000000000000000000000000000010000010100000000000000010000000000000000010001000000000
000000000000000100000000100010000000001000000000000000010000001000000010000000000010101010010001001
001000000000010100000000100001100000100000000000000010000100000110000000000000000000100001000010001
000100100000000001000000101000100000000000010000001000000010000000000000000000011000000010000000001
000000110000000000000100000000000100001000000001010000100000000000100111010000000100000000000100000
000000001000000010001000000010110010000000010000010100000000000110101010001010001000000001000000000
001000000000000000000001100101000000000000001000000100000000001000000000000000000001100010000101000
000011000000000000010000000000000000000110000000001000001001000100000000000100100000100100001100000
000000000110000000000001000000000000000000000100000000000000000000100000000000010000000000000000000
001010100000001010000010000000000000111000000000000000000100000000000000000001000000001000000000000
000000000001000000010000000000000001000000001010000100000000010010000100010000000000000000100010000
000000000000000010000010000000000010001011000101000000000001000001000000000001110101000000000000001
100000001000101000000000010000010000000110000010000000000000000100101000100101000010000101000110010
000000000000000000000000000000000000000000010000100000000010001000000000000000010100000000011101010
000011001000010000000000100010110000000000010000000000111000000010000000001001000000000000000001000
000000000100011101100000000000110000000000000100000000000010000000100000000000100100000001100001000
000000010000000000000011100000000001100000000000100000000000000001000000100000010000000000000000100
000010001000000000000001000000000000000001100010100000110111001000000000001001000000000000000001000
000100000100000000000100010000010000000000000000000101000101000011000000000000000000100000000111000
010000000000000000000000000011001000110000000000001100000000000010010001000000000000010001101100100
001001000000101000010000001100000000111000000000000000000000000010000001001000000000001100000000100
000000000000010001010100100010001000000000001000000000000100000000000000010101000001000010010000010
000000000000000000000010000000001010000000000000101000000000000000000000000000000001000000000000011
000010010000000000001000000000001000000100001010100010000001100001000000000000100000000000100010001
000000100000010000011100100111000000000001000000000000000000000000000000000001000000001011000100000
000000000000000100000000000000100000000000000011000101010000000000000100000000000001001010100000001
000000000000000100000000000100000000010000000000000000001000100000000000001111000000001000000000000
000000000000000100100001011000000000000010000000100000010000000000001000010110000000001000000000000
000000000010100100001001000000001010000100000100010000000000110000010000000000010000110000000010001
000100000100110000000010010000100001000000000000010000110011000001100001100100000000000100000010000
000000010100000001101000000000011000001000100001000000000100000000000000000000000001001000001100000
000000000100100011100000000000100000001000000011000000000100100000010100001000001100001000000010000
000000100010000000100000011010001001000000010000001001000000001000000000100101100010000001000000000
010010010110010000000001010000000000001001000000010000100000000001000000000100000000000010001000000
000000011010000000000010100000010000100001100000001000000000000000001000110000000000000010000001010
000000000101010001000010000000010000000000000000000010000101000000000000000010000000100000000000000
000110000010000010000000000000000000000000010101000000010000100010011100100000100000000000100000000
000000100001010000000000000010000100011010101000000000000000000000001000000000000001001000000010000
010000000000100000000001000000100000000000100000000100000001000000000010100101010000000001000000100
001110010010000000100000000001000000001001000001000000000000000000000000010000000000000010010100100
000001000000110100010100100100010000011100101001000011000000001000000001000000001000000001000000000
000100000000000000000110000000000101000000000000010000010000001100000000000010000000000010000010000
100000100100000000011101100000000000000010000100001100000010100000000000000011010000000100100000000
010000000000100000000000001000000000000000000000000010000110100000000000000001000000000000001000000
000000000000000000000000000011110001000000000000010100100101001000000010000000001000000000000000000
100100000101000000000000100000000100001000000000000000000010000000000000000010000100000110100000000
010000110000000010000001000001001000000000000000011010000000010001000101000100001110000000000001000
100000010000001100001000000001000000000000000100000000000000000001000000000010001000010000000000000
000000000010000001100000000000000000100000000000000010001000110000000000100000000100010000100001011
001000000000000001100010100000001000000000001000000000000000000000001000010000101000000000001010100
010000010000000000000000000000000000001000000001000000000000011000100000000010000000000010101000000
010101000000000011000000000000000000100000000110010000010100000000011000000101010000000001000000001
010011001010000010000001000000000000000000101000000100000100100100000001001000000001100000000001000
000000101000100011000000000010111001000000000000000000000000100100000000000001010001000100000100000
001111000000001100000000100100000000100010000100000000010000000000001000000000010100100000000001110
000000000100100001000001011000000100100000010010000100001100000100000000000010010011100100000000010
001000001001000110000001001100110000010000000000001000100000000000000000000000010000000000000001101
000011101000000100000000010000000001001010001000000010001000000100000000000000000001000000000000000
000000000000000000100000011100100000000000000101001000001000001100100001000010110001000000010000000
010000011000000010010010101100000000000000101100000000010000000000000000100000000000100110001000000
000001000000000000001010011100000100010000000000000000000000100000010000001001000000000000110010000
001000000001000000010000001001110000010000001010000000000000000000100000000010000010000000100000010
000000000010000000001000010001010010000001010000010000100010000000010100000100100000101000000100001
001000000000000000000000000000010000001001000000000000000000010010001101000000000001011100000001000
000000000000000100000100000110000100000000110000000000000000000000100000100000000001000000001001010
000000000000000000000000000000001000001000000000000000000000000100010000100000000000100000000000000
100000000001010010111001001000000000000000110000000000100000000100000001000001100001000000000010000
000000111000001001100001100000000000111010000110000000000000000000110010000010001010000000000011100
100001000010000000000100000000000000000000000101100000001000000000100000000000000000100000000000001
010010001000000010110101000100000010000000001010000010000001000000000000010000100000010000000000000
000000000010000000100000000000000000000101001001001001010100000000010000000010000001001000000100100
000000000000001000100100000000000000000000000101000000000011000001000000000100101100010000001001000
100000000000100010000001001010000010100001000000010000100000000010000000000000100000011000000000011
000000000000000000000000000000000000000010011000000000000001010000000000001000000000000000010000000
000001000000000000000000000001010000000000001100010000000000000000000110001000100100001010000000001
000010000010110100100001000011000000000000001100001000000000000000000000000010100000000000001100100
000000000001010001100000000001000010010000000000000110000001000010000000001001000000000100000000001
010000010010010000000000000000000000000100001000000000100010100000000110000000000010000000011000000
